25.6944233
25.44521655
27.64791205
26.11923712
25.52276453
28.26688059
25.31755047
29.11339615
25.29927164
26.18129659
25.24881696
26.39726153
19.68419668
25.29568732
23.0037157
21.42236136
26.83818795
27.10574371
26.47489609
27.16600891
26.73252063
26.06820443
26.81836202
29.52161649
25.46641795
24.75561667
27.07059123
26.93193578
26.10837224
24.90158895
24.21437196
28.34352037
30.77616367
27.08086398
22.49571373
25.66938369
26.87046204
19.94335798
24.32421577
23.3087442
25.1434966
21.96078308
26.34938013
25.47624568
24.78754175
21.89237079
22.39991475
21.67843406
24.90791132
24.9711302
24.23507623
28.90846702
24.3731557
27.70444593
24.96936989
19.89079722
21.64769647
28.76283652
27.97270204
24.86200335
24.55257173
24.85316812
27.37409562
26.17326601
29.03252268
24.55042857
22.83744069
24.37502581
25.97460516
24.63164891
30.16485901
25.36151446
24.60473002
24.9550624
22.74909738
29.83836278
30.1415453
27.60855047
28.07539691
23.26250189
20.8417714
27.9490336
21.84719802
21.6891242
26.00161447
22.66901353
24.25487404
29.30624229
25.17650701
26.18166759
21.55478812
25.42155778
26.6697183
23.53251765
25.91710699
25.98378387
25.69918592
24.32292171
24.11125928
27.49373073